2
4
19
27
28
29
31
49
96
109
118
126
127
137
183
189
192
217
237
238
251
252
253
254
327
347
348
349
386
420
421
422
440
450
455
456
487
488
503
533
567
582
626
627
652
653
658
665
668
679
680
691
733
734
736
755
756
757
758
760
762
795
835
854
867
878
890
917
965
1013
1016
1065
1139
1145
1153
1154
1155
1190
1206
1237
1270
1272
1274
1296
1323
1324
1325
1336
1367
1370
1378
1425
1426
1429
1430
1442
1443
1449
1450
1495
1521
1525
1538
1539
1541
1542
1549
1580
1583
1631
1667
1674
1684
1695
1713
1715
1717
1720
1757
1788
1790
1812
1835
1837
1841
1852
1869
1870
1919
1961
1962
1984
1985
2008
2017
2038
2071
2106
2119
2158
2160
2176
2177
2200
2202
2204
2246
2249
2251
2282
2298
2299
2364
2388
2390
2391
2426
2427
2428
2429
2432
2434
2435
2436
2438
2439
2463
2466
2467
2468
2469
2470
2479
2500
2501
2569
2570
2613
2633
2644
2665
2667
2708
2730
2741
2759
2786
2788
2792
2793
2801
2813
2824
2834
2858
2859
2860
2866
2890
2901
2930
2933
2974
2986
2999
3012
3023
3034
3065
3086
3111
3112
3125
3145
3149
3164
3165
3166
3186
3198
3206
3211
3222
3231
3232
3242
3252
5
11
21
36
42
78
87
90
121
124
125
139
141
153
157
197
209
244
250
261
262
263
264
265
267
275
282
303
305
342
343
352
368
384
435
436
439
445
448
519
528
537
580
615
618
632
633
639
643
646
650
661
674
682
685
700
703
713
717
730
743
744
745
753
763
767
770
777
828
847
850
863
919
922
931
932
940
947
952
954
970
973
974
1002
1003
1006
1010
1019
1020
1032
1035
1039
1041
1042
1043
1059
1090
1128
1132
1135
1151
1307
1310
1315
1317
1322
1328
1338
1341
1372
1373
1388
1391
1393
1406
1408
1414
1417
1419
1421
1433
1439
1459
1467
1475
1477
1514
1527
1530
1535
1590
1592
1594
1636
1645
1650
1652
1654
1663
1666
1668
1681
1682
1719
1722
1723
1728
1730
1731
1734
1738
1739
1778
1782
1791
1796
1797
1801
1805
1814
1826
1827
1832
1866
1875
1928
1932
1938
1941
1944
1953
1964
1966
1968
1995
2001
2003
2004
2010
2025
2026
2099
2103
2142
2212
2220
2228
2235
2238
2240
2256
2260
2261
2304
2307
2324
2325
2327
2347
2348
2353
2354
2357
2372
2384
2385
2398
2400
2405
2418
2420
2423
2441
2448
2496
2526
2576
2625
2653
2676
2695
2701
2768
2770
2774
2780
2838
2840
2843
2847
2852
2856
2863
2926
2927
2928
2937
2944
2947
2949
2955
2959
2960
2971
3072
3074
3077
3090
3120
3137
3139
3142
